System
1.0
7.386635362906239 0.001188793061466 -2.399387968253055
-3.302516345176364 6.607251304331973 -2.399387969446586
0.000734900152454 0.001188793838269 7.766559241645604
Be Si O
12 6 24
Direct
0.127330740375127 0.897993326250596 0.721512800863052
0.794227840093495 0.568750967406866 0.390139762872210
0.568750967406866 0.390139762872211 0.794227840093495
0.390139762872210 0.794227840093495 0.568750967406867
0.431249032593134 0.609860237127789 0.205772159906505
0.609860237127790 0.205772159906505 0.431249032593133
0.205772159906505 0.431249032593134 0.609860237127790
0.102006673749404 0.278487199136948 0.872669259624873
0.872669259624873 0.102006673749404 0.278487199136948
0.721512800863052 0.127330740375127 0.897993326250596
0.897993326250596 0.721512800863052 0.127330740375127
0.278487199136948 0.872669259624873 0.102006673749404
0.461641071943674 0.233994194061156 0.054569712167561
0.538358928056326 0.766005805938843 0.945430287832439
0.054569712167561 0.461641071943674 0.233994194061157
0.233994194061156 0.054569712167561 0.461641071943673
0.766005805938843 0.945430287832439 0.538358928056327
0.945430287832439 0.538358928056326 0.766005805938843
0.959540854447188 0.662439414738842 0.628684334758390
0.706340496566036 0.375467707003860 0.671112874535703
0.671112874535703 0.706340496566036 0.375467707003860
0.375467707003860 0.671112874535703 0.706340496566036
0.293659503433964 0.624532292996140 0.328887125464297
0.294449421056104 0.996399744607882 0.962486222728690
0.996399744607882 0.962486222728690 0.294449421056104
0.962486222728689 0.294449421056104 0.996399744607881
0.705550578943896 0.003600255392118 0.037513777271311
0.003600255392118 0.037513777271310 0.705550578943896
0.037513777271311 0.705550578943896 0.003600255392118
0.583679101821794 0.250536566542245 0.916037482675593
0.250536566542245 0.916037482675593 0.583679101821794
0.916037482675593 0.583679101821794 0.250536566542245
0.416320898178206 0.749463433457755 0.083962517324407
0.749463433457755 0.083962517324407 0.416320898178206
0.083962517324407 0.416320898178205 0.749463433457755
0.337560585261158 0.371315665241609 0.040459145552812
0.371315665241609 0.040459145552812 0.337560585261158
0.040459145552812 0.337560585261158 0.371315665241610
0.328887125464297 0.293659503433965 0.624532292996140
0.628684334758390 0.959540854447188 0.662439414738842
0.624532292996140 0.328887125464297 0.293659503433964
0.662439414738842 0.628684334758391 0.959540854447188